                   
                   
     0000000       
    011111020  00  
   011111102200220 
  011111111020220  
  0113111110220    
  012221021120     
  013333101110     
  0100300101110    
 010303300100010   
01003033030111010  
010233333300001010 
012003333002222010 
 0220033022220020  
 0022000222001100  
03302222203313330  
03330222033311330  
0333000003331130   
 00001103010000    
    010333010      
     00333000       
    0222222220     
     01111110      
     0211110       
    02221120       
     000000        
                   
