                   
               00  
             00330 
            033320 
          0033320  
        003333220  
 000000033332220   
0333333332222220   
 02222333322220    
  0002222333200    
    00002222220    
    030000022220   
   00300300002220  
  04000030000400   
 040000000000040   
 044400044444440   
 00444444400040    
0330444440044440   
03304444033044440  
 004404403304440   
 040440040044440   
 040444440044440   
 044044440044440   
 044404444044440   
 0444400444044040  
044444444444004440 
 0000000000000000  
                   
