                   
         000       
     00 04330 000  
    03300433204440 
   0333320020440   
  0333322200440    
  033332222044400  
  0330000004302030 
  030000330402230  
   0030332200000   
 000030222000000   
04303332000334440  
043033300033400040 
 04033002044033040 
 0000000230033330  
 0203202000030030  
03320323033002200  
03330000033302220  
03330340033302220  
 000040030000000   
     00032300      
      0032300      
     044444440     
      00322220     
       033330      
      0333330      
       00000       
                   
