                   
             00    
 00000     00770   
0777770000077070   
0711117777700170   
 071777777011170   
  07700007771170   
 070011110777170   
0700111111077770   
07010311111077770  
07001003003107770  
 0700303300307770  
  07030330330770   
  0703333370770    
  0070333317700    
 077010011177770   
07117107101177770  
000117710330117770 
033011010330110770 
033071071011100070 
001017711100000070 
070011011111100070 
070000003330000070 
 0700011111110070  
  07770111110770   
   000111111000    
      000000       
                   
