                   
                   
   0 00 0000000    
  01011011111110   
 010111111111000   
 0111111111111110  
  011111111111100  
 01113113111111110 
 0101310011111110  
  00100031133100   
    030333133110   
  0003033330000    
 0110337330000     
 01103333011000    
  001033007703330  
 0101000110033330  
033011011330113330 
033301111333111330 
0333 077033311130  
 000 01110000000   
      01033010     
      0033300      
     011111110     
      01111110     
      711110       
     07771170      
      000000       
                   
