               0   
              020  
     000000000220  
    011111111110   
   011111111110    
   011111111110    
  01111111111110   
  01131111111110   
  01033131111110   
   010030031110    
    0303300310     
  00030330331000   
 0220333333022110  
011220333302210010 
 00110000011103000 
 0300122221003330  
01130011100013330  
0111020000331130   
033021020033110    
 00210121000000    
  0100121030120    
   0  010222010    
       011110      
       011110      
      0221110      
     02222120      
      000000       
                   
