                   
   0               
  030 000000       
   0201111110      
    0221111110     
   010220111110    
  01110201111110   
  01111011111110   
  01033133111110   
   01003003111120  
    03033003110220 
  0223033033100020 
 02203333330222220 
 0200033300220000  
 0220000022002220  
020222222202222220 
033021222002222220 
033021220330222220 
 00221220330222220 
 0212121200022220  
 0221112202222220  
 0222122202222220  
 0222222220222200  
 0222222222000020  
 02222222222222220 
 02222222222222220 
  000000000000000  
                   
