                   
                   
         00000     
      00022222000  
     0202222220330 
    0222002220300  
   02222220203330  
  022222222033000  
 020000222220020   
  02111002222000   
  01133111022220   
  011003001102220  
   01303300310120  
    030330331120   
   0233333301100   
  022033330022220  
 00022000002233020 
03310022033033320  
0331022203311330   
033000110331130    
 00   02200000     
      000330       
      0333300      
      01311110     
      0212220      
     02222220      
      000000       
                   
