                   
                   
         000000    
       004444440   
   000044444444440 
  0333300444444440 
 03333333004404440 
033333333330004440 
033000033333304440 
030022200333304440 
 0320202200330440  
  020000022000040  
  000300000220330  
  0003003000033330 
  040000300000330  
 040000000040000   
 004400044404440   
03304444404444440  
03304444033044440  
00044444033044440  
04044444400444440  
 0444444440444440  
  04444444404440   
   044444444000    
    03232220       
   0323222220      
    00000000       
                   
