                   
                   
  00000 00000      
 0222220222220     
022222222222220    
0200222222222220   
 022232223222220   
 020033232322220   
  0 033323222220   
    00003222220    
 0000300323320000  
044403033333044420 
024403343330444200 
 02203334000222300 
 00030330300003330 
033043003033003330 
033304334033322330 
033304444033322300 
000000442000000040 
030000420330003240 
030000003330003240 
032220003333003240 
032330222222203220 
033000004444403230 
030    0244400330  
 0    0222420030   
       00000000    
                   
