                   
     0             
    07000 00000    
   0770110711110   
  07777117111000   
 0777777711111110  
 0000000771111100  
 01113110070711110 
 01013100007711110 
   01000317707110  
 000030331007000   
07770303331007770  
 07713373301777070 
  0113333011770000 
 01070330710000100 
 01077007700000100 
033307777030110100 
033300110330110100 
033300770330111110 
 01000111000110110 
 01000011100110110 
010000011110111110 
010000777770111110 
010000077770111110 
01111007770011110  
0100007777001110   
 00000000000000    
                   
