                   
       000    00   
      03330000440  
        0330444440 
     0   030444440 
    030  030444040 
    03300330444040 
  0000333304440 0  
 04444000044040    
04000044444440     
 04000000444440    
  04030000044440   
   00300300044440  
  0400003000000440 
 0400000000444000  
0444000044444440   
00044444440000440  
033044440004400440 
033000000330440040 
000033220330440040 
040332233224400040 
040332233220000040 
040332233223300040 
040033223322200040 
 04400444440440040 
  00044444400000440
     0000000000000 
                   
