                   
            00 00  
     0000000420330 
    0244442423300  
   03444444223030  
  0344244242033030 
  0342442244203030 
  034222002220300  
  03300000242030   
 00000300240200 0  
040000302400000040 
042030024020444240 
004034440204242400 
022203400202222220 
000020002420000000 
000042024203302420 
033004242033324240 
033300000033322430 
03330420040000000  
 000420430240      
    004434000      
     04434000      
    0222222220     
     04442440      
     0244440       
    02224420       
     000000        
                   
