                   
                   
  0000 00000    0  
 02222022222000020 
 022222222222222220
 02022222222222220 
  0226662266222020 
  0206662266262220 
   00333022222220  
     000322222220  
    032032332220   
  000303333322000  
 06663333332066660 
  0603333000222020 
  022003060003330  
033320002033023330 
033302022033322330 
0330 022003332230  
 00 060066000000   
     06600660      
     0603300       
      03333000     
     0222222220    
      06666660     
      0266660      
     02226620      
      000000       
                   
