                   
                   
      000000       
     01111110      
    0711111110     
   071111111110    
   0711111171110   
   0777007711110   
    000030711110   
    030330711770   
    03031071700    
   0011110770010   
  010111107011110  
 01110110001101110 
 01111000711011110 
  0711707111071110 
 07071171330707110 
 0070001033307070  
0333001013337070   
033300111010100    
 000  01111010     
      0111110      
      0111110      
       01110       
      0311110      
     01131110      
      000000       
                   
