                   
                   
          00 00    
     000 07707700  
    01710000770070 
   01711011177770  
  017111101110770  
 0777771110111070  
070000077110110770 
 07003300711017070 
  0033333071110070 
   00030030770070  
   0303300377100   
  00303303300110   
 07073333707700    
077703333077770    
 01100000011100    
0330771103301170   
0330711703301170   
 010117770111070   
  01711111000070   
  011111111100770  
  011111111100770  
   01111111000770  
    00777770007770 
    07777770007770 
     000000000000  
                   
