                   
                   
       000  00000  
     0011100777770 
    0111111770000  
    0111117777000  
    01111177000110 
    0111170011110  
   0111110111110   
 0011111111170000  
011111100777700110 
 0000000377777110  
01110303377777100  
 00103331717177770 
 01103311717171170 
011110111001171110 
010171710133011000 
033017101333000000 
033300071333011010 
033301107000011010 
 01001011010011010 
 01000001010011010 
 01000077777011110 
 01000011111011110 
 01111071111011110 
  000077711701110  
      0000000000   
                   
