                   
                   
    000000         
   011111100       
  01710777110      
 0177107777710     
 01110111077710    
0170171107771010   
07771710777107710  
 07701077770771010 
  077000007771070  
   0033333007070   
   0100300310700   
  001303300310770  
 07713033033110770 
077013333370101770 
07711033330017770  
 07777000777170070 
011107177000007070 
033100770330707070 
033001000330707770 
 00003170000707070 
 07003117110707770 
 07001171710777770 
 07707011100777770 
  007770107077770  
    000 0 0 0000   
                   
