                   
                   
      000000       
    007777770      
   07777777770     
  0770777777770    
  0703077077770    
  0703077707770    
  0703307770070    
   070000077770    
    03003300710    
    030373071170   
   01333330007770  
  010333307111170  
 0117033071101110  
01771700071077010  
070770770033071010 
033070770333071110 
033070110333071110 
 0007011000007110  
 077007707077700   
  007077071000110  
 0117077707111110  
 0170077770711170  
 070001777007170   
  0 01111100070    
     00000   0     
                   
