                   
                   
   000000000       
  01011022220      
 0101102222220     
 01111111222220    
  01111111222220   
 011131111123220   
 010133000113220   
  001003311332020  
    030031131220   
    0303333010020  
  000133330000000  
 0210311302011210  
011103330201111110 
00002000220000000  
03302333203303330  
03330232203331130  
0333001110333110   
 000 0222000000    
      020330       
      0033300      
     011111110     
      01111110     
      0211110      
     02221120      
      000000       
                   
