                   
  00     0         
 0330 000300       
0330004040440 00   
03330403044340330  
 03044404444440330 
 00000004444400330 
  0333330044233330 
 0333333330423330  
 030000033302230   
  03000000333220   
  00030000033330   
 002030030000330   
0402200030022000   
04402000022224440  
 04222222220400040 
 00202222000033300 
033022200333223330 
033300200333222330 
03330222033322230  
 000402040000020   
  0444044444400    
   0003333300      
    0222222220     
     022222220     
    022222220      
     0000000       
                   
