                   
           0000    
        00077770   
      00777777770  
    0077777777770  
   07777777770770  
  077000077777070  
 070055550777770   
0700555555077770   
07050355555077770  
07005003003507770  
 0700303300307770  
  07030330330770   
  0703333370770    
 00070333307700    
0577070000777770   
05550777770000770  
05577007705777070  
05777777705557770  
05557777705577770  
05577777705777770  
05770777705557770  
05550777705577770  
 0570775770575770  
 0505755755055750  
  0555555555055550 
   000000000 0000  
                   
